  -5.7286 -92.8475 -64.8251
  44.3516  -5.3028 -69.4558
 -31.7751  21.4778 -61.6509
  47.6854 -51.4301  83.4849
 -46.1877  53.1000 -62.2676
 -42.5004 -81.7773  15.2419

   9.3186 -14.8542  28.8886  29.5235  35.8034
  27.1573  89.0348 -58.2130  41.8563 -52.7539
 -76.1208  21.4608  -9.9725  -8.2549  32.3890
  54.0571 -29.9564  32.4019 -16.7683  68.3858

 -48.7118  22.6921  16.4498   8.1479  73.9882 -47.0442 -36.3852 -76.1571  87.9659  29.1104  -4.1074  27.8634   8.9432  29.4623   8.7772  44.2093   4.4991  98.7409 -56.2647 -78.8403
 -78.0605 -87.2817 -19.0840 -10.3254 -26.8368  52.7009  25.5793  54.3961  86.5707  94.5482 -61.5943 -72.2252  39.2533 -81.2360   5.0809   6.0688  72.2280  -3.0293 -21.3087  34.2862
  48.2516   4.0105 -30.4575 -70.0005  17.2184 -47.5709 -91.1092  50.9867 -51.4429 -11.5195  37.5592 -28.1544  47.2680 -21.0585  36.6832  40.8095 -11.5389 -96.0845 -33.8284 -15.1381
 -45.9459 -60.5892  64.3442 -14.0157  77.5542 -21.7634  53.8229 -20.6417  61.7028  51.0154 -24.5209 -56.7962  58.0814  89.8608 -34.4869  34.2529 -12.2710  66.7001  53.7709 -66.5493
  72.3961  97.9744   2.8847  76.8562  17.6052 -69.0495 -60.0274 -18.6090  49.7411  65.1168  57.9926 -36.2952   6.8128 -82.0099 -77.6589 -72.7415  35.7305  -0.9646 -62.0579  -0.9988
 -70.4784 -89.0052  70.1425  12.1119  85.9218  39.3334  16.5582  63.0794  75.8028  97.7823 -99.8955  73.0877  22.5133  97.9900   5.5360  -4.0953  60.2695 -54.4314  -0.3811  80.1705
  14.9322  69.0356  47.7281  17.1974 -50.6531  33.2832 -83.3034  25.1920  32.1889  45.9504  78.1504  96.4606  53.8058  16.2893  85.6626  16.0181 -96.6034 -75.8281  72.5421  -3.1407

