  8.6433
  8.5487
 -1.6848

  0.1988
 -0.0401
  0.8181
 -0.0589
 -0.9239
 -0.4542
  0.0590
 -0.4571
 -0.3161
  0.4528
  0.6313
 -0.3018
  0.1032
 -0.0161
 -0.3335
 -0.0208
  0.6055
 -0.7939
  0.0367
  0.4112

  0.4237
 -0.1876
 -0.1599
  0.8234
 -0.5070
 -0.0384
  0.0648
  0.0053
  0.2445
 -0.1383
  0.3766
  0.6089
  0.3330
 -0.3241
 -0.5598
  0.1116
 -0.2338
 -0.4937
 -0.9434
  0.5949
 -0.2028
 -0.9229
  0.5753
 -0.0431
 -0.2089
  0.2839
  0.4141
  0.2340
  0.5064
 -0.1910
 -0.0668
 -0.3450
 -0.3963
  0.0950
 -0.4046
 -0.0534
 -0.1167
  0.1455
 -0.1748
  0.2266
 -0.1231
  0.1901
 -0.6459
 -0.0132
 -0.2275
 -0.2518
  0.4927
  0.0311
  0.2361
  0.2638

