   7.7396 -12.7156 -11.1053
  26.4831  -9.9897   5.6552
  18.5979 -17.1546   9.2469

   84.5130  290.1487 -426.9092 -283.1912 -166.1396
  -77.5051 -216.3183  295.9892  246.5733  121.2693
  -35.4034  -88.4186   33.8610   37.7283   -6.1451
  106.9711  183.4594 -224.2987 -141.6435  -27.7865
  -14.7897 -154.4748  178.9482  163.2057   57.0459

   9724809.7493 -11261380.8116   9912117.8154  -7581379.6356   1350810.1435  -7465296.9884 -10938837.3353   1197858.0082   -204457.4730  -3822968.2243
   8744214.1106  -8445517.9035  12949284.8197 -11386557.6125   8454499.7940  -9399142.8930  -9148871.7844   -492703.1037   4553688.9305  -4416724.7974
   2288596.3011   1461927.6471   1247563.8477   3863377.1441   -335660.1968    292389.8854   3343499.7858  -3355897.6224   1437582.0617   3173365.7827
  -4698955.7322   2471187.7739  -7306478.1146  12603215.4554  -3395331.3765   2137254.9771   3738229.3840  -1534694.4761  -1878104.3347   8530254.8129
  -4350556.4704   3277742.7572   -224900.6708   5326360.5293   2199043.3836  -2913362.0792   4272535.1489  -1171211.6815  -2324573.7639   2437115.5169
   4931527.8868   -964624.3649  -6752217.1179   2167984.2967    644472.3155   6023867.5922   5293352.6596     19345.4039    366993.2969   3883942.3049
  -5549190.7099   3815836.6044  -5509703.3686   2836810.5992  -2739920.5445   3919768.2735   6379121.3529   2977546.8270   1998618.0102   2441625.3687
  -1362100.6374    374433.0398   1536915.4658   -335785.1297    864741.6283  -4422758.3286  -3095804.9461   2138182.4662   1602661.7347  -2368766.4973
   7885933.5817   -883512.0055   1567688.1179   3085548.8371   3536838.6298  -4460082.2518     27485.0032  -3711819.0310  -1927239.4959   8552529.6474
  -5892927.1011   7360963.8329 -10014115.8264   1817503.7587  -2364738.2713   7096776.3550  11285709.9919  -2423967.4715     29243.6219  -2367445.0722

