Inverse not exist, matrix not invertible

Matrix must be square inorder to find inverse

 -0.0114 -0.0155 -0.0024 -0.0051 -0.0187 -0.0188 -0.0063  0.0010  0.0183 -0.0123 -0.0045  0.0099 -0.0110 -0.0025 -0.0025 -0.0026 -0.0023  0.0039 -0.0017 -0.0021 -0.0148 -0.0082  0.0114 -0.0116  0.0239 -0.0049 -0.0083 -0.0150 -0.0022 -0.0306
  0.0046 -0.0223 -0.0142 -0.0311 -0.0379  0.0114  0.0162  0.0025  0.0085 -0.0135  0.0093 -0.0027 -0.0083 -0.0035 -0.0133  0.0032  0.0003  0.0234  0.0013  0.0032 -0.0002  0.0063  0.0181 -0.0272  0.0014  0.0171 -0.0032 -0.0182 -0.0135 -0.0181
  0.0090 -0.0050 -0.0019 -0.0154 -0.0095 -0.0018 -0.0068 -0.0023  0.0137 -0.0082  0.0103  0.0040 -0.0062  0.0027 -0.0114  0.0042  0.0054  0.0131 -0.0062  0.0009  0.0110 -0.0053  0.0066 -0.0165 -0.0002  0.0016 -0.0113 -0.0083 -0.0004 -0.0163
  0.0263  0.0192 -0.0117 -0.0022  0.0255  0.0407  0.0124  0.0075  0.0166 -0.0129  0.0252  0.0271  0.0174 -0.0180  0.0151  0.0298  0.0099 -0.0041  0.0186 -0.0204  0.0166  0.0134 -0.0226 -0.0012 -0.0241 -0.0060  0.0101  0.0204 -0.0138  0.0330
 -0.0114 -0.0259 -0.0056 -0.0255 -0.0100 -0.0401 -0.0015 -0.0047 -0.0285  0.0275 -0.0199 -0.0189 -0.0176 -0.0073 -0.0155 -0.0334 -0.0276  0.0058 -0.0190 -0.0048 -0.0268 -0.0233  0.0186  0.0026 -0.0021 -0.0020 -0.0159 -0.0094 -0.0029 -0.0210
  0.0054  0.0249  0.0109  0.0077  0.0197  0.0157 -0.0044  0.0210  0.0237 -0.0144 -0.0068  0.0305 -0.0066 -0.0045  0.0251  0.0116  0.0057 -0.0161 -0.0103 -0.0045  0.0021  0.0181 -0.0183 -0.0011  0.0036 -0.0140  0.0015  0.0045  0.0175 -0.0081
  0.0063  0.0160 -0.0092 -0.0182  0.0111  0.0533  0.0382 -0.0089 -0.0319  0.0201  0.0234 -0.0097  0.0197 -0.0218  0.0039 -0.0054 -0.0069 -0.0080  0.0246 -0.0111  0.0038  0.0150 -0.0141  0.0241 -0.0638  0.0135  0.0163  0.0277 -0.0487  0.0315
 -0.0118  0.0260  0.0038  0.0132  0.0369  0.0402  0.0282  0.0084 -0.0045 -0.0019  0.0095  0.0024  0.0099 -0.0140  0.0136 -0.0015  0.0139 -0.0346  0.0035 -0.0013 -0.0081  0.0203 -0.0150  0.0232 -0.0445  0.0091  0.0178  0.0221 -0.0111  0.0462
 -0.0078 -0.0132 -0.0042 -0.0039 -0.0123 -0.0293 -0.0029 -0.0088 -0.0047  0.0017 -0.0085 -0.0202 -0.0107  0.0048 -0.0128 -0.0180 -0.0126  0.0082 -0.0076  0.0065 -0.0091 -0.0197  0.0105 -0.0057  0.0157  0.0054 -0.0064 -0.0136 -0.0008 -0.0157
  0.0081  0.0110  0.0029  0.0170 -0.0039  0.0046 -0.0203  0.0090  0.0348 -0.0252 -0.0013  0.0170  0.0031  0.0145 -0.0085  0.0205  0.0251 -0.0036  0.0007  0.0068  0.0152  0.0120 -0.0081 -0.0081  0.0301 -0.0168  0.0058 -0.0162  0.0217 -0.0101
  0.0068  0.0285 -0.0050  0.0099  0.0511  0.0532  0.0236 -0.0038 -0.0245  0.0103  0.0195  0.0054  0.0269 -0.0196  0.0192  0.0128  0.0048 -0.0121  0.0096 -0.0086  0.0065  0.0126 -0.0328  0.0340 -0.0523  0.0052  0.0145  0.0310 -0.0156  0.0548
  0.0118 -0.0003 -0.0067 -0.0149  0.0107  0.0099  0.0029 -0.0071 -0.0172  0.0107  0.0075 -0.0026  0.0047  0.0022  0.0081 -0.0015  0.0025 -0.0015  0.0046 -0.0108  0.0007 -0.0058 -0.0046 -0.0034 -0.0078 -0.0113  0.0021 -0.0076 -0.0079 -0.0129
 -0.0101 -0.0003 -0.0048 -0.0101 -0.0116 -0.0000  0.0146 -0.0208 -0.0228  0.0233  0.0127 -0.0194  0.0106 -0.0132 -0.0058 -0.0094 -0.0276  0.0156  0.0084  0.0012  0.0031 -0.0067  0.0136  0.0101 -0.0185 -0.0030  0.0031 -0.0004 -0.0158  0.0101
  0.0130  0.0122  0.0113  0.0300 -0.0125 -0.0039 -0.0204  0.0088  0.0448 -0.0362  0.0033  0.0101  0.0031  0.0245 -0.0008  0.0213  0.0225 -0.0083 -0.0006  0.0215  0.0038  0.0111  0.0066 -0.0156  0.0267  0.0086 -0.0104 -0.0024  0.0317  0.0070
  0.0269 -0.0147 -0.0162 -0.0033 -0.0052 -0.0072 -0.0287  0.0152  0.0259 -0.0259  0.0226  0.0015 -0.0039  0.0009 -0.0108  0.0243  0.0199  0.0158  0.0225 -0.0094  0.0178 -0.0089 -0.0124 -0.0337  0.0140  0.0019 -0.0107 -0.0055  0.0070 -0.0262
  0.0035  0.0090 -0.0019  0.0089  0.0158  0.0213  0.0136 -0.0083 -0.0179  0.0103 -0.0003 -0.0022  0.0139  0.0003  0.0120 -0.0029 -0.0018 -0.0145  0.0070 -0.0064 -0.0002  0.0237 -0.0186  0.0151 -0.0232 -0.0045  0.0116  0.0141 -0.0184  0.0238
 -0.0037  0.0267  0.0078  0.0092  0.0409  0.0345  0.0207  0.0017 -0.0162  0.0096  0.0171  0.0042  0.0330 -0.0148  0.0203 -0.0011 -0.0119 -0.0247  0.0069 -0.0135  0.0033  0.0160 -0.0179  0.0467 -0.0525  0.0003  0.0176  0.0403 -0.0175  0.0446
 -0.0006  0.0012  0.0072  0.0036 -0.0035 -0.0056 -0.0074  0.0036  0.0041 -0.0115 -0.0059 -0.0001 -0.0044 -0.0054 -0.0020  0.0106  0.0051 -0.0032 -0.0055 -0.0074 -0.0000  0.0019 -0.0060 -0.0095  0.0159 -0.0002 -0.0023 -0.0047  0.0043 -0.0100
 -0.0090 -0.0042  0.0088 -0.0205  0.0156 -0.0124  0.0093 -0.0200 -0.0275  0.0256 -0.0098 -0.0172 -0.0079 -0.0035  0.0026 -0.0285 -0.0127  0.0044 -0.0094 -0.0092 -0.0193 -0.0070 -0.0109  0.0265 -0.0140 -0.0056  0.0038  0.0011 -0.0092 -0.0002
 -0.0060 -0.0410 -0.0020 -0.0165 -0.0347 -0.0463 -0.0017 -0.0046 -0.0080  0.0094 -0.0170 -0.0218 -0.0258  0.0076 -0.0146 -0.0153 -0.0103  0.0213 -0.0111 -0.0053 -0.0225 -0.0292  0.0178 -0.0226  0.0232 -0.0084 -0.0223 -0.0213  0.0025 -0.0450
 -0.0068 -0.0005 -0.0049 -0.0066 -0.0309  0.0033 -0.0012  0.0034  0.0158 -0.0037  0.0052 -0.0007 -0.0018  0.0042 -0.0096  0.0125 -0.0023  0.0003 -0.0017  0.0084  0.0077  0.0044  0.0135 -0.0039  0.0144  0.0165  0.0000 -0.0208 -0.0067  0.0051
  0.0000 -0.0169 -0.0051 -0.0164 -0.0186  0.0020 -0.0016 -0.0031 -0.0033 -0.0031 -0.0028 -0.0068 -0.0069  0.0015  0.0023 -0.0093  0.0008  0.0047  0.0085 -0.0015 -0.0006 -0.0140  0.0049 -0.0150  0.0131  0.0003 -0.0120 -0.0171 -0.0030 -0.0172
 -0.0049 -0.0348 -0.0010 -0.0000 -0.0421 -0.0611 -0.0395  0.0032  0.0176 -0.0290 -0.0164 -0.0098 -0.0303  0.0227 -0.0248  0.0014  0.0088  0.0222 -0.0105  0.0200 -0.0042 -0.0303  0.0196 -0.0397  0.0498 -0.0101 -0.0159 -0.0331  0.0246 -0.0540
 -0.0179  0.0187 -0.0054  0.0076  0.0093  0.0116  0.0117 -0.0160 -0.0226  0.0145 -0.0019 -0.0266  0.0241  0.0017 -0.0006 -0.0044 -0.0093 -0.0038  0.0131  0.0039  0.0018  0.0009  0.0075  0.0314 -0.0323  0.0170  0.0088  0.0117 -0.0211  0.0381
  0.0007  0.0201  0.0079  0.0038  0.0248  0.0048  0.0066 -0.0027 -0.0084  0.0049  0.0084  0.0036  0.0089  0.0003  0.0138 -0.0043  0.0006 -0.0049 -0.0066  0.0045 -0.0004  0.0128 -0.0134  0.0216 -0.0054  0.0008  0.0040  0.0188 -0.0076  0.0234
  0.0093  0.0005 -0.0099 -0.0056  0.0158  0.0405  0.0156  0.0023 -0.0093 -0.0015  0.0119 -0.0084  0.0138 -0.0204  0.0039  0.0177  0.0155 -0.0096  0.0158  0.0029  0.0144  0.0134 -0.0133  0.0062 -0.0328  0.0176  0.0138  0.0118 -0.0235  0.0204
 -0.0015  0.0079 -0.0064  0.0051  0.0128  0.0183  0.0144 -0.0064 -0.0191  0.0085  0.0079 -0.0064  0.0243 -0.0041  0.0018  0.0001  0.0120 -0.0032  0.0132  0.0047  0.0084  0.0031 -0.0182  0.0092 -0.0313  0.0132  0.0083  0.0180 -0.0063  0.0241
 -0.0045  0.0172  0.0074  0.0127  0.0266 -0.0006  0.0122 -0.0007 -0.0103 -0.0034 -0.0019  0.0187  0.0035 -0.0007  0.0097 -0.0001  0.0012 -0.0232  0.0043 -0.0011 -0.0058  0.0071 -0.0157  0.0223 -0.0080 -0.0068  0.0039  0.0148  0.0006  0.0174
 -0.0063  0.0111 -0.0013  0.0133  0.0116 -0.0205 -0.0206  0.0066  0.0228 -0.0233  0.0011  0.0102 -0.0156  0.0002  0.0097  0.0061  0.0112 -0.0048 -0.0053 -0.0022  0.0020 -0.0054 -0.0056 -0.0019  0.0164 -0.0070 -0.0059  0.0147  0.0251 -0.0153
 -0.0128 -0.0061  0.0121 -0.0109 -0.0043 -0.0173 -0.0091  0.0004  0.0058  0.0053 -0.0138 -0.0012 -0.0111  0.0098 -0.0125 -0.0005 -0.0094  0.0023 -0.0181  0.0088 -0.0065 -0.0142  0.0088  0.0006  0.0237 -0.0006 -0.0085 -0.0067  0.0172 -0.0101

  0.3160  0.5287 -0.0070 -0.3334 -0.0709 -1.5497 -0.9938  0.3828 -0.2286 -0.8132 -0.2866 -0.3885  0.3998 -0.3444  0.5235  0.7839  1.2240 -0.6033 -0.4219  0.0442 -0.3200 -0.9870  0.7310  0.2633 -0.1240  0.2143 -0.3598 -1.0411 -0.0881 -1.2490  1.5819  2.2233 -0.0206  1.0621  0.5479 -0.4727 -0.9069 -0.2779 -0.5984 -0.6146 -0.1581  0.8611 -0.7861  0.5482  0.4134  0.7087  0.5763  1.0392 -0.0898 -0.2507
 -0.0862 -0.6568 -0.2305  0.4762  0.0294  1.6597  0.9403 -0.2684  0.3462  1.1226  0.2504  0.4461 -0.6753  0.4076 -0.6527 -1.0573 -1.0444  0.4274  0.2099 -0.1537  0.3228  1.0527 -0.5009 -0.2679  0.1153 -0.2766  0.4045  1.0994 -0.0958  1.0432 -1.5675 -2.5113 -0.0798 -1.2398 -0.7651  0.5699  1.0738  0.4525  0.8450  0.6339  0.2623 -0.6900  0.7114 -0.4061 -0.3322 -0.6549 -0.7029 -1.2307  0.1121  0.5148
  0.1722  0.4184  0.2052 -0.0778  0.0144 -0.3492 -0.4026  0.0907 -0.1782 -0.3382 -0.1879 -0.1246  0.3096 -0.4349  0.3325  0.4403  0.3246 -0.4588 -0.0317  0.0316  0.0050 -0.4535  0.3472  0.1390 -0.1044 -0.0690 -0.1309 -0.5522 -0.1272 -0.4471  0.9181  1.0044 -0.1352  0.5433  0.3697 -0.3131 -0.4114 -0.2640 -0.2614 -0.1529 -0.4162  0.6025 -0.4058  0.2247  0.2666  0.0785  0.0399  0.3235  0.1871 -0.1895
  0.0648 -0.0438 -0.1157 -0.0316 -0.2573 -0.2615 -0.1028  0.0548  0.1197  0.2772 -0.0073 -0.0113 -0.0435 -0.0209 -0.0253 -0.0480  0.1500  0.1913  0.0212 -0.0276  0.0115 -0.2109  0.5325 -0.4848  0.4704  0.0916 -0.3463  0.0716 -0.2191 -0.0918  0.0432  0.0907  0.4192  0.0235  0.2419 -0.4109 -0.2068 -0.0832 -0.1116 -0.1510 -0.0735  0.3550 -0.1231 -0.1146  0.0373  0.1640 -0.1482 -0.0678 -0.1733  0.1024
  0.0603  0.3109 -0.0575 -0.1560 -0.1686 -1.0191 -0.8339  0.0397 -0.3073 -0.2755 -0.1110 -0.2610  0.1613 -0.2796  0.3112  0.7558  0.8932 -0.4010 -0.4271  0.1675 -0.0622 -0.8458  0.7674  0.1650  0.0015 -0.1052 -0.4069 -0.6099 -0.1156 -0.9124  1.2056  1.5019  0.2994  0.8453  0.4409 -0.4454 -0.6348 -0.2870 -0.5710 -0.4621 -0.2037  0.7375 -0.4741  0.3701  0.2736  0.3110  0.2610  0.9155  0.0930 -0.0786
  0.2162  0.4985 -0.2015 -0.1837 -0.3352 -1.4792 -0.9866  0.4789 -0.1149 -0.5299 -0.4944 -0.2691  0.6192 -0.5076  0.5525  0.6200  0.9659 -0.3260 -0.2709  0.1219  0.0560 -0.8608  0.9745 -0.3344  0.3277  0.1057 -0.7578 -0.7118 -0.1155 -0.8870  1.1748  1.8388  0.4250  0.9162  0.6317 -0.8127 -0.8468 -0.4235 -0.8298 -0.3020 -0.3469  0.8017 -0.5097  0.4364  0.6556  0.5968  0.3130  0.9445 -0.2210 -0.2391
 -0.5262 -1.0301 -0.1595  0.8774  0.0468  2.4312  1.5176 -0.3483  0.1764  1.5450  0.3957  0.4944 -0.8478  0.6916 -0.7921 -1.2627 -1.8453  0.7256  0.4519 -0.3263  0.5077  1.6198 -1.0090 -0.1135  0.1102 -0.4871  1.0863  1.3529  0.1515  1.8289 -2.2672 -3.5360 -0.5337 -1.4811 -1.1255  0.7909  1.6263  0.4459  1.0906  1.1180  0.6384 -1.4669  1.1330 -0.7799 -0.3975 -1.4643 -0.8708 -1.6168  0.0329  0.8064
 -0.1834 -0.2929 -0.0687  0.2247 -0.0031  0.6043  0.3962 -0.1795  0.1020  0.2246  0.1427  0.0921 -0.1752  0.3024 -0.1940 -0.2568 -0.3451  0.1991  0.1925 -0.1992  0.1290  0.4296 -0.2447 -0.1042  0.1517 -0.2583  0.2840  0.0399  0.1419  0.5181 -0.5659 -0.8556  0.0296 -0.3484 -0.1424  0.1412  0.3547 -0.0036  0.1969  0.3215  0.1786 -0.4167  0.1512 -0.3382  0.0892 -0.3504 -0.1366 -0.3942 -0.0241  0.2772
 -0.4731 -1.0695 -0.3695  0.7707  0.0781  2.0672  1.3545 -0.3381  0.2965  1.1589  0.3908  0.5230 -0.6713  0.6552 -0.6135 -1.1760 -1.6797  0.8199  0.4311 -0.2280  0.3763  1.4377 -1.1066 -0.3923  0.1690 -0.3367  0.8585  1.4211  0.0518  1.7978 -2.4197 -3.2842 -0.1875 -1.3914 -0.9809  0.8107  1.5950  0.5459  0.9646  1.0034  0.5372 -1.4982  1.2281 -0.8046 -0.4994 -1.1455 -0.6800 -1.5662 -0.1796  0.8798
  0.4437  0.6014  0.3782 -0.5422  0.2083 -1.0184 -0.7236 -0.0622  0.0161 -0.9548 -0.1344 -0.3995  0.3819 -0.3102  0.5598  0.5459  0.9885 -0.5104 -0.2752  0.1585 -0.6343 -0.8025  0.2411  0.3374 -0.3662  0.3580 -0.3681 -0.4996  0.0842 -0.8963  1.1963  1.7872  0.1651  0.4886  0.4629 -0.0077 -0.8756  0.0307 -0.2674 -0.6984 -0.3447  0.7605 -0.7951  0.4357 -0.4430  0.8207  0.5834  0.7336  0.2129 -0.7612
  0.2300  0.3005 -0.0012 -0.1394 -0.3146 -0.8889 -0.5425  0.2389 -0.2651 -0.1956 -0.1847 -0.1190  0.0945 -0.6215  0.2543  0.4444  0.5493 -0.3993 -0.2361  0.2588  0.0582 -0.6280  0.7700  0.0046  0.0537  0.0563 -0.2371 -0.3682 -0.1681 -0.6794  1.0001  1.1763 -0.0890  0.7146  0.2882 -0.4519 -0.5232 -0.3039 -0.3886 -0.2373 -0.2616  0.7515 -0.3206  0.3449  0.4622  0.2545 -0.0489  0.6927  0.0348 -0.1211
  0.9949  1.4384 -0.0065 -0.8426 -0.4855 -3.1010 -2.1743  0.9706 -0.5445 -0.9808 -0.8350 -0.5551  0.8134 -1.6942  1.0192  1.7466  2.6117 -1.7204 -0.9389  0.2015 -0.0682 -2.1490  2.2679  0.6075 -0.1856  0.0521 -1.0603 -2.1827 -0.4265 -3.1270  4.0893  4.9037 -0.2055  2.3484  1.2343 -1.4520 -2.1106 -0.8946 -1.5464 -1.1548 -0.6645  2.6007 -1.6656  1.2244  1.7935  1.4463  0.5752  2.3570  0.1602 -0.8923
 -0.7619 -1.6709  0.1049  1.0091  0.7011  4.4174  2.8509 -1.1912  0.6812  1.8193  0.8896  0.7481 -1.4036  1.8749 -1.5197 -2.4279 -3.2221  1.7152  0.9478 -0.2652  0.2355  2.9382 -2.6963 -0.4805 -0.2021 -0.3670  1.6001  2.8663  0.4042  3.6485 -4.7400 -6.3335 -0.2511 -3.1937 -2.1210  2.2197  2.6977  1.1708  2.2071  1.3875  1.0833 -2.9514  2.0188 -1.3330 -1.9726 -1.9320 -1.0190 -3.0402  0.0631  0.9237
 -0.1181 -0.3968 -0.0517  0.0801 -0.0324  0.7401  0.5068 -0.2466  0.0428  0.3077  0.2536  0.0979 -0.2953  0.4811 -0.2557 -0.4365 -0.4591  0.1523  0.0982 -0.0921  0.1028  0.3695 -0.4974  0.0848 -0.0812 -0.1309  0.3286  0.4781  0.0250  0.6189 -0.7737 -0.9509 -0.1702 -0.4462 -0.3579  0.2888  0.5167  0.2710  0.2895  0.2462  0.3421 -0.4351  0.3924 -0.2379 -0.4573 -0.3640 -0.1426 -0.4811  0.0369  0.3865
  0.1396  0.5124  0.3872 -0.3011  0.3925 -0.4193 -0.4238  0.2289 -0.1010 -0.4726 -0.0176  0.0185  0.2369 -0.3101  0.1441  0.3703  0.4346 -0.2883  0.1167  0.1331 -0.3265 -0.3480 -0.1250  0.3142 -0.3135  0.3087 -0.3181 -0.4847 -0.0943 -0.6709  0.7105  1.0030 -0.1265  0.1712  0.4434 -0.2570 -0.5304 -0.2565 -0.1595 -0.2869 -0.5193  0.3714 -0.1608  0.2843  0.0824  0.4254  0.2383  0.5265  0.3380 -0.6156
 -0.0553  0.1308 -0.0159 -0.1398  0.0434 -0.6027 -0.2307  0.0638  0.0406 -0.4891  0.0320  0.0031  0.4115  0.1285  0.3173  0.2760  0.4386  0.0238  0.1358 -0.0564 -0.0913 -0.2351  0.0479 -0.0574  0.0240  0.2050 -0.2024 -0.5253  0.0963 -0.2929  0.2364  0.6267  0.2335  0.2231  0.2968 -0.2780 -0.2845 -0.1928 -0.4340 -0.1351 -0.1489  0.0933 -0.1881 -0.0255  0.0537  0.3663  0.2511  0.3004 -0.2406 -0.1307
 -0.8964 -1.7365 -0.2441  1.3325  0.3922  4.2251  2.8126 -1.0191  0.5346  2.1705  0.8852  0.8154 -1.2877  1.6808 -1.4925 -2.2184 -3.3091  1.6785  0.9892 -0.5535  0.6020  2.9954 -2.4898 -0.2755 -0.1164 -0.6159  1.5784  2.4181  0.2865  3.5127 -4.5385 -6.2118 -0.4216 -2.8090 -1.8869  1.6214  2.8005  0.9867  2.0063  1.6195  1.1924 -2.8836  2.0247 -1.4796 -1.1515 -2.3134 -1.1572 -3.0261  0.0735  1.3241
 -0.5233 -0.4231 -0.0445  0.2043 -0.1252  0.4216  0.3423 -0.1377  0.2945 -0.1784  0.2736  0.1523  0.1980  0.4577 -0.0491 -0.3341 -0.8684  0.6652  0.5149  0.0108  0.0927  0.5695 -0.6739 -0.5163  0.4472  0.1415  0.2178  0.5419  0.1674  1.2302 -1.5253 -1.1337  0.3799 -0.4220 -0.0722  0.2525  0.5458  0.1447  0.0734  0.5760 -0.1663 -0.9485  0.6186 -0.5891 -0.5496 -0.2282  0.0083 -0.5054 -0.5571  0.2480
 -0.1370 -0.2997 -0.1740  0.2015 -0.2912  0.0370  0.1751  0.1018  0.0294  0.3184  0.1274  0.1928 -0.1608  0.1020 -0.1037 -0.2347 -0.2421  0.2595  0.0407 -0.0676  0.1097  0.1103  0.0868 -0.1378  0.2271 -0.1299  0.1035  0.1268  0.0496  0.0283 -0.1948 -0.3110 -0.1073 -0.0259 -0.1106 -0.1313  0.2453 -0.0102  0.0815  0.1877  0.2347 -0.1770  0.0978 -0.2315  0.2783 -0.0968 -0.1565 -0.1913 -0.2282  0.2645
  0.3412  0.5683  0.4146 -0.5126  0.4254 -0.7640 -0.6978  0.1181 -0.0166 -0.8587 -0.0955 -0.1366  0.2849 -0.4589  0.3801  0.4431  0.7820 -0.4630 -0.0356  0.1419 -0.5457 -0.7026  0.1634  0.4032 -0.2962  0.4441 -0.4399 -0.5479 -0.0261 -0.9744  1.0741  1.5374  0.0725  0.4552  0.4711 -0.0968 -0.7161 -0.0433 -0.2794 -0.6259 -0.4576  0.6167 -0.6162  0.4934 -0.1814  0.7351  0.3869  0.6871  0.3895 -0.8697
  0.1849 -0.1151 -0.0948  0.0786  0.0776  0.5757  0.4342 -0.1871  0.0812  0.5941  0.0626  0.2633 -0.3679  0.2684 -0.4591 -0.5214 -0.1148  0.1410 -0.0900 -0.2288  0.2315  0.3169 -0.1575  0.0603 -0.1005 -0.0849  0.1462  0.3732 -0.1003  0.0589 -0.2966 -0.8465 -0.0041 -0.5863 -0.3643  0.1675  0.3691  0.1910  0.3642 -0.0507  0.1266  0.0007  0.0461 -0.0772  0.0582 -0.1048 -0.2776 -0.3025  0.1405  0.0373
 -0.8612 -1.5150 -0.3764  1.2608  0.2382  3.2701  2.1151 -0.7122  0.1456  1.6028  0.5954  0.6789 -1.1427  1.2218 -1.2684 -1.3191 -2.6799  1.1743  0.5236 -0.3283  0.5253  2.2351 -1.8439  0.0538 -0.1234 -0.8078  1.4934  1.7313  0.4045  2.7792 -3.2726 -4.7121 -0.6744 -1.8387 -1.5903  1.2986  2.2525  0.6917  1.5086  1.4449  1.1345 -2.3518  1.6191 -1.1285 -0.5202 -1.9884 -0.9086 -2.0501 -0.1196  1.2471
  0.4848  0.6867  0.0278 -0.5731 -0.1967 -1.5933 -0.9760  0.2041 -0.1086 -0.6042 -0.2895 -0.2970  0.4519 -0.4084  0.3811  0.7415  1.2462 -0.4128 -0.4152  0.1390 -0.1972 -1.1677  1.0503 -0.2115  0.2706  0.2334 -0.8014 -0.7477 -0.1433 -1.3332  1.4783  2.0756  0.4894  1.0282  0.7020 -0.8410 -1.0888 -0.2996 -0.6651 -0.8515 -0.4155  1.1467 -0.7210  0.5174  0.3578  0.9793  0.3039  0.9505 -0.0355 -0.4876
  0.3273  1.5400  0.3663 -1.0612 -0.4082 -4.0978 -2.5589  0.7567 -0.4175 -2.3728 -0.7253 -0.8362  1.4066 -1.4119  1.4942  2.3032  2.8325 -1.1370 -0.6828  0.4377 -0.5606 -2.7974  1.9843  0.0945  0.1838  0.7359 -1.4788 -2.4878 -0.2533 -2.8739  3.8181  5.8405  0.7936  2.8032  2.0884 -1.6692 -2.7970 -1.0554 -1.8582 -1.5893 -1.0456  2.3523 -1.8385  1.1939  0.8877  2.0841  1.2847  2.7030 -0.0685 -1.2250
 -0.6564 -1.2247  0.0338  0.5843  0.3513  3.0324  1.8012 -0.8107  0.2941  1.4406  0.6592  0.4858 -0.9446  0.9556 -1.0267 -1.7186 -2.1228  1.2126  0.6551 -0.0937  0.3126  1.8194 -1.5751 -0.5010  0.0274  0.0112  0.8815  2.3150  0.0364  2.3697 -3.3505 -4.2909 -0.0733 -2.0704 -1.2485  1.2046  1.7778  0.7881  1.5004  0.9965  0.3951 -1.6823  1.5482 -0.8906 -1.4652 -1.3060 -0.8605 -2.0960  0.0698  0.7621
 -0.1790  0.0811  0.2822 -0.2349  0.3296  0.0504 -0.0768 -0.0822  0.0523 -0.3591  0.1317  0.1847  0.2472  0.0868  0.0856  0.0287 -0.1373  0.2799  0.2781  0.1556 -0.2717 -0.0219 -0.4851 -0.0186 -0.0739  0.3544 -0.0783  0.0295  0.0527  0.2033 -0.3507 -0.0532  0.0956 -0.1168  0.2830 -0.0157 -0.0384 -0.0363 -0.0475 -0.0828 -0.1895 -0.2809  0.0910  0.0316 -0.4068  0.1042  0.1977 -0.1786  0.0547 -0.2511
 -0.0124  0.1770  0.1000 -0.0932 -0.0538 -0.2464 -0.1019  0.0746 -0.1515 -0.0674  0.0217 -0.0404  0.1230 -0.1014  0.0742  0.0896  0.1990 -0.0610  0.1307 -0.0905  0.0881 -0.0641  0.0827 -0.0792  0.0554  0.0025 -0.2139 -0.1487 -0.0419 -0.2244  0.2994  0.3281  0.0141  0.1264  0.2845 -0.2473 -0.1499 -0.1938 -0.2284 -0.1747 -0.0722  0.2303 -0.1156  0.1743  0.0712  0.1034  0.0120  0.0944  0.0274 -0.0853
 -0.2020 -0.7100 -0.0291  0.5869  0.3897  2.1500  1.5687 -0.6324  0.4304  0.7092  0.3775  0.1876 -0.7284  1.0793 -0.6921 -1.1006 -1.5161  0.7026  0.4468 -0.3615 -0.0241  1.5921 -1.4710  0.3065 -0.3416 -0.4385  1.0360  1.0421  0.4272  1.7264 -2.0966 -2.9159 -0.4351 -1.5342 -1.0869  1.3359  1.4051  0.6019  1.1572  0.6715  0.7001 -1.6253  0.8273 -0.6656 -0.7920 -1.0974 -0.3444 -1.4935  0.0890  0.3727
  0.7157  0.9622  0.1058 -0.7710 -0.2478 -1.7989 -1.1607  0.5871 -0.3831 -0.2917 -0.4288 -0.2187  0.2791 -1.0398  0.3418  0.6526  1.7385 -1.0609 -0.8071  0.2256 -0.1760 -1.3654  1.6356  0.4930 -0.0419  0.0584 -0.8002 -1.0751 -0.3044 -2.3084  2.6451  2.7250 -0.1273  1.1281  0.5217 -0.8954 -1.2934 -0.2875 -0.6781 -0.9931 -0.2024  1.9885 -1.1639  0.8370  1.1045  1.0714  0.2261  1.3700  0.2023 -0.7578
  0.0868  0.1435 -0.0031  0.0006 -0.0278 -0.6307 -0.3911  0.0017  0.1370 -0.6776 -0.1478 -0.4532  0.2694 -0.0979  0.4670  0.4567  0.4959 -0.3529 -0.1699 -0.0435 -0.0322 -0.4215  0.0986  0.1326 -0.1202  0.0396 -0.0698 -0.5180  0.1541 -0.3680  0.5426  0.9486  0.1181  0.4435  0.2301  0.0936 -0.1402 -0.0452 -0.2634 -0.0060 -0.1828  0.0464 -0.3288  0.1672  0.0301  0.2690  0.4957  0.5185 -0.1631 -0.2312
 -0.4053 -1.1359  0.1067  0.6858  0.5638  3.6755  2.3527 -0.7437  0.3145  2.0576  0.6016  0.8419 -1.4073  1.2731 -1.5514 -2.0080 -2.2484  1.1189  0.6728 -0.3543  0.1995  2.2936 -1.8942  0.0527 -0.2679 -0.3695  1.2171  2.0749  0.1173  2.2663 -3.2701 -5.1395 -0.7322 -2.6331 -1.7924  1.5313  2.1526  0.8989  1.9067  1.0590  0.8931 -1.8042  1.4959 -0.9618 -1.0451 -1.6103 -1.0860 -2.3097  0.4217  0.8091
 -0.1281 -0.1717  0.2477 -0.0198  0.2350  0.6137  0.3799 -0.0972  0.2261 -0.0229  0.2334  0.3169 -0.1059  0.2319 -0.2403 -0.5261 -0.6257  0.5322  0.3410  0.0284 -0.2130  0.5638 -0.6427 -0.1945  0.1374  0.2727  0.1391  0.5394  0.0955  0.5719 -0.9069 -0.9965  0.0474 -0.5996 -0.1515  0.2183  0.2659  0.0872  0.3070  0.1424 -0.1128 -0.5793  0.4513 -0.2220 -0.5489 -0.1230  0.0106 -0.5150 -0.0414 -0.0399
  0.6449  1.1530  0.1645 -0.7988 -0.2342 -2.2806 -1.5286  0.5529 -0.2890 -0.9861 -0.5473 -0.4716  0.6382 -1.1680  0.8136  1.2594  1.9044 -1.0131 -0.6463  0.1522 -0.0833 -1.6179  1.5963  0.3357 -0.0581  0.1899 -0.9900 -1.4652 -0.3329 -2.1088  2.8185  3.4562  0.0837  1.5417  0.9508 -1.0788 -1.5295 -0.5485 -1.0734 -1.0438 -0.6410  1.8668 -1.2957  0.8944  1.0363  1.2991  0.3847  1.7399  0.2137 -0.8553
  0.0116  0.0673 -0.0184 -0.2044 -0.1565 -0.5850 -0.2321  0.0014  0.0409 -0.4879  0.0282 -0.3078  0.3315  0.1173  0.2450  0.2725  0.2143  0.1457  0.0087 -0.0099 -0.1481 -0.3058  0.2073 -0.2248  0.0542  0.0927 -0.1520 -0.3034  0.1318 -0.0814  0.1670  0.6717  0.4528  0.3553  0.3404 -0.1248 -0.3195 -0.0716 -0.3660 -0.2720 -0.0924  0.1260 -0.2281  0.0237 -0.2032  0.2895  0.3072  0.2026 -0.2341 -0.0476
  0.4216  0.6844  0.0708 -0.3037 -0.3058 -1.2482 -0.8736  0.4828 -0.3220 -0.4135 -0.3836 -0.1506  0.5132 -1.0579  0.4692  0.6934  1.2202 -0.8877 -0.3514  0.0168  0.1390 -0.9557  1.0732  0.2538 -0.1305  0.0808 -0.5788 -0.9211 -0.3897 -1.4025  1.8783  2.1944 -0.3084  0.9950  0.6313 -0.7543 -0.9065 -0.3411 -0.7628 -0.4170 -0.5091  1.2256 -0.6603  0.6009  0.9550  0.6842  0.0024  1.1452  0.1420 -0.3608
 -0.4673 -0.9587 -0.1920  0.7084  0.1481  2.5398  1.6567 -0.3649  0.0335  1.5591  0.4204  0.6913 -0.9355  0.8207 -1.1200 -1.2690 -1.7791  0.7425  0.2614 -0.1328  0.3595  1.6912 -1.1191  0.0134 -0.1600 -0.4769  0.9850  1.5164  0.0397  1.6757 -2.2259 -3.5223 -0.5998 -1.5034 -1.2429  0.8196  1.5982  0.5215  1.2152  0.8417  0.8838 -1.4137  1.1116 -0.7386 -0.4169 -1.3516 -0.9375 -1.5453  0.1777  0.7061
 -0.2407 -0.2910 -0.2794  0.4092  0.0360  0.5417  0.3251 -0.0308  0.0443  0.3297  0.0232 -0.0149 -0.1291  0.1600 -0.0648 -0.0688 -0.4678  0.1373  0.0742 -0.1967  0.1797  0.4128 -0.2364 -0.0204  0.0563 -0.2428  0.2703 -0.0037  0.0670  0.4226 -0.3820 -0.7136 -0.2253 -0.1963 -0.3136  0.2009  0.4219  0.0462  0.1456  0.5423  0.2833 -0.4298  0.1729 -0.1453  0.3253 -0.5474 -0.2090 -0.2272 -0.0098  0.2912
 -0.1660 -0.2137 -0.1565  0.2079  0.0926  0.0856  0.0984  0.1905 -0.1242  0.1283  0.0044  0.0473  0.0126  0.0333 -0.1117 -0.0648 -0.1697  0.0935 -0.1188  0.1811  0.0935  0.2308 -0.1815  0.1094  0.0048 -0.1658  0.0959  0.1620  0.0366  0.2615 -0.2971 -0.3169 -0.2432  0.0061 -0.2091  0.2260  0.1500 -0.0048 -0.0142  0.2603  0.1981 -0.4548  0.1817 -0.0985  0.0718 -0.2275  0.0666  0.0445 -0.1176  0.1408
  0.6374  1.4620  0.3229 -1.0980 -0.2992 -3.7892 -2.4604  0.8106 -0.4898 -2.0864 -0.8101 -0.9105  1.2538 -1.4486  1.4472  2.0555  2.8269 -1.6200 -0.6918  0.4460 -0.5749 -2.6262  1.9216  0.5060 -0.2253  0.4821 -1.3066 -2.3064 -0.2947 -3.0779  4.1480  5.7446  0.2988  2.7335  1.8591 -1.4757 -2.5685 -0.8058 -1.8071 -1.4254 -0.9680  2.4571 -1.9070  1.3640  1.0181  1.9277  1.2349  2.6304  0.0504 -1.1432
  0.5731  0.7366 -0.0864 -0.6015 -0.1893 -1.7712 -1.1149  0.4296 -0.2194 -0.5854 -0.4046 -0.3184  0.2992 -0.4962  0.4991  0.8994  1.6006 -0.7508 -0.7675  0.2453 -0.1965 -1.2553  1.1079  0.1834  0.0284  0.0983 -0.7235 -1.0843  0.0105 -1.6689  1.9239  2.4631  0.4483  1.0514  0.6329 -0.6189 -1.2295 -0.3140 -0.6766 -0.9428 -0.2452  1.2716 -1.0072  0.5812  0.6738  0.9667  0.4748  1.3284 -0.0994 -0.5567
  0.2468  0.9435  0.0074 -0.6417 -0.5553 -2.6038 -1.6563  0.7421 -0.4645 -1.2018 -0.4672 -0.3284  0.9790 -0.9844  0.8366  1.3106  1.5185 -0.6705 -0.3300  0.3625 -0.1379 -1.6522  1.5324 -0.1977  0.3841  0.4745 -0.9460 -1.3376 -0.2851 -1.8076  2.2472  3.4311  0.2941  1.7693  1.2567 -1.2960 -1.6989 -0.7785 -1.4005 -0.7468 -0.6932  1.5226 -0.8980  0.5987  0.8760  1.2706  0.5695  1.7129 -0.2589 -0.3962
 -0.3097  0.1294 -0.2901  0.1771 -0.2255 -0.9667 -0.5416  0.2531 -0.0758 -0.5107 -0.1563 -0.0996  0.3894 -0.2340  0.4809  0.7028  0.1386 -0.0611 -0.0633  0.0169  0.0950 -0.3892  0.3980 -0.2770  0.3061 -0.0424 -0.2452 -0.6393  0.0830 -0.0479  0.3817  1.0534  0.3457  0.8036  0.5874 -0.5110 -0.3938 -0.3992 -0.7541  0.1282 -0.1754  0.0762 -0.1415 -0.0714  0.5302  0.0701  0.3028  0.4338 -0.2891  0.1603
  0.2321  0.5302 -0.2326 -0.4087 -0.2878 -1.7888 -1.0859  0.2492 -0.1142 -0.7333 -0.3513 -0.4168  0.5260 -0.4200  0.6061  0.8389  1.1950 -0.5281 -0.4979  0.1323 -0.1411 -1.1499  0.9747 -0.0242  0.1836  0.1082 -0.5839 -1.0012  0.0437 -1.1382  1.5425  2.2236  0.4235  1.1801  0.6375 -0.5402 -0.9123 -0.4064 -0.7876 -0.5422 -0.1203  0.8880 -0.7128  0.4172  0.4954  0.7643  0.4823  1.1301 -0.2780 -0.1722
 -0.3291 -1.1294  0.1288  0.7130  0.2891  2.9382  1.9559 -0.7594  0.1956  1.4251  0.5644  0.4667 -1.0300  1.0326 -1.0242 -1.4983 -2.0611  0.7800  0.6618 -0.3385  0.1721  1.9513 -1.6392  0.1511 -0.3253 -0.3725  1.1720  1.6512  0.1525  2.0971 -2.6475 -3.9701 -0.7134 -1.9723 -1.4399  1.4251  1.9307  0.7289  1.5707  1.0344  0.7457 -1.7707  1.3030 -0.7434 -0.9692 -1.3735 -0.8280 -2.0129  0.2895  0.6536
 -0.2220 -0.2680 -0.1327  0.3054  0.0636  0.7773  0.4953 -0.0568  0.0466  0.5326  0.1836  0.2553 -0.2635  0.2210 -0.2614 -0.3766 -0.6677  0.3801  0.3307 -0.1147  0.2916  0.5827 -0.3663 -0.2558  0.1036 -0.0725  0.2236  0.4557 -0.0448  0.6976 -0.9426 -1.2746  0.0373 -0.6162 -0.2944  0.1047  0.5231  0.0460  0.2495  0.6012  0.0342 -0.6208  0.5451 -0.2971 -0.0852 -0.5056 -0.3866 -0.5669 -0.0148  0.3330
  0.2347  0.6697  0.0689 -0.5978 -0.2608 -1.4969 -1.0544  0.2482 -0.1114 -0.7698 -0.3115 -0.2014  0.5407 -0.5209  0.5046  0.6122  1.1629 -0.3331 -0.1740  0.2870 -0.0667 -1.0638  0.8320 -0.2465  0.3100  0.4462 -0.7852 -0.7603 -0.2481 -1.0414  1.2633  1.9460  0.5280  0.8506  0.8378 -0.8372 -0.9680 -0.2368 -0.7261 -0.6170 -0.6292  1.0174 -0.5471  0.4333  0.1932  1.0089  0.3445  0.8564 -0.0485 -0.4764
  0.4106  0.8464  0.0139 -0.5973 -0.2348 -2.2099 -1.3775  0.4618 -0.1642 -1.1152 -0.4608 -0.5280  0.6347 -0.6330  0.7015  1.1934  1.5628 -0.8564 -0.5412  0.1490 -0.2871 -1.5017  1.2632  0.1844  0.0463  0.1638 -0.7566 -1.3659  0.0016 -1.6931  2.4362  3.1233  0.3324  1.5185  0.9734 -0.7738 -1.4935 -0.4557 -0.9228 -0.8674 -0.4155  1.3732 -1.1625  0.6216  0.7661  0.8954  0.8025  1.4108 -0.0220 -0.6342
 -0.7683 -1.9766 -0.1393  1.2490  0.5482  4.4782  2.9319 -1.1915  0.7084  1.8468  0.8614  0.6307 -1.3594  1.9901 -1.5564 -2.2992 -3.4616  1.7609  0.8687 -0.3857  0.3517  3.1332 -2.8684 -0.2379 -0.2184 -0.5937  1.8353  2.8592  0.5606  3.9445 -4.9377 -6.4814 -0.4229 -3.1381 -2.1757  2.2905  3.0546  1.3139  2.0732  1.7036  1.3251 -3.2611  2.1769 -1.5599 -1.8113 -2.3103 -1.0751 -3.2148 -0.0639  1.3528
 -0.5328 -1.1296 -0.1510  0.8208  0.3240  2.8035  1.6823 -0.5843  0.3440  1.1885  0.4681  0.3893 -0.8575  0.7859 -0.8275 -1.2204 -2.0567  0.7843  0.4367 -0.2068  0.2207  1.7233 -1.6393 -0.0582 -0.2595 -0.3161  1.1607  1.7852  0.2770  2.2669 -2.7626 -3.7248 -0.3061 -1.7279 -1.3966  1.2810  1.7757  0.6775  1.2574  1.0161  0.6375 -1.7795  1.2532 -0.8170 -0.9260 -1.3445 -0.6295 -1.8989  0.0265  0.8259
 -0.2236 -0.1062  0.0175 -0.0810  0.1878 -0.1960  0.0127 -0.1816  0.1263 -0.5142  0.0500 -0.1133  0.3778  0.2326  0.1704  0.1152 -0.3580  0.3360  0.2095  0.0866 -0.1486  0.1244 -0.4544 -0.2027  0.0301  0.1035  0.0636  0.1147  0.2970  0.5351 -0.5831  0.1427  0.1942  0.0455  0.1743  0.1611  0.0488  0.0068 -0.1186  0.0104 -0.0370 -0.5702  0.1653 -0.0840 -0.5873 -0.0866  0.4041 -0.1404 -0.2280  0.1009

